# conv2d 8 filter, 16 epochs
train on cuda:0
Files already downloaded and verified
Files already downloaded and verified
[1,  2000] loss: 2.210
[1,  4000] loss: 1.887
[1,  6000] loss: 1.690
[1,  8000] loss: 1.594
[1, 10000] loss: 1.534
[1, 12000] loss: 1.492
[2,  2000] loss: 1.409
[2,  4000] loss: 1.388
[2,  6000] loss: 1.357
[2,  8000] loss: 1.326
[2, 10000] loss: 1.293
[2, 12000] loss: 1.301
[3,  2000] loss: 1.198
[3,  4000] loss: 1.205
[3,  6000] loss: 1.168
[3,  8000] loss: 1.161
[3, 10000] loss: 1.150
[3, 12000] loss: 1.151
[4,  2000] loss: 1.100
[4,  4000] loss: 1.091
[4,  6000] loss: 1.068
[4,  8000] loss: 1.075
[4, 10000] loss: 1.049
[4, 12000] loss: 1.064
[5,  2000] loss: 0.993
[5,  4000] loss: 1.005
[5,  6000] loss: 0.999
[5,  8000] loss: 1.007
[5, 10000] loss: 1.004
[5, 12000] loss: 1.006
[6,  2000] loss: 0.907
[6,  4000] loss: 0.952
[6,  6000] loss: 0.958
[6,  8000] loss: 0.940
[6, 10000] loss: 0.967
[6, 12000] loss: 0.971
[7,  2000] loss: 0.863
[7,  4000] loss: 0.883
[7,  6000] loss: 0.911
[7,  8000] loss: 0.909
[7, 10000] loss: 0.903
[7, 12000] loss: 0.924
[8,  2000] loss: 0.811
[8,  4000] loss: 0.851
[8,  6000] loss: 0.854
[8,  8000] loss: 0.870
[8, 10000] loss: 0.880
[8, 12000] loss: 0.901
[9,  2000] loss: 0.782
[9,  4000] loss: 0.813
[9,  6000] loss: 0.835
[9,  8000] loss: 0.847
[9, 10000] loss: 0.834
[9, 12000] loss: 0.840
[10,  2000] loss: 0.760
[10,  4000] loss: 0.790
[10,  6000] loss: 0.792
[10,  8000] loss: 0.807
[10, 10000] loss: 0.837
[10, 12000] loss: 0.817
[11,  2000] loss: 0.725
[11,  4000] loss: 0.749
[11,  6000] loss: 0.771
[11,  8000] loss: 0.791
[11, 10000] loss: 0.792
[11, 12000] loss: 0.794
[12,  2000] loss: 0.702
[12,  4000] loss: 0.734
[12,  6000] loss: 0.755
[12,  8000] loss: 0.738
[12, 10000] loss: 0.782
[12, 12000] loss: 0.804
[13,  2000] loss: 0.672
[13,  4000] loss: 0.724
[13,  6000] loss: 0.706
[13,  8000] loss: 0.768
[13, 10000] loss: 0.746
[13, 12000] loss: 0.764
[14,  2000] loss: 0.651
training time 0:54:27.792405
Finished Training
